1000
390
385
343
155
236
2
165
501
343
185
368
279
353
266
863
925
912
145
454
872
990
587
283
842
595
527
970
459
35
938
944
777
550
732
364
227
92
176
107
528
873
481
634
206
980
949
767
603
570
15
542
335
798
431
945
238
780
739
995
464
667
684
480
611
48
426
611
150
318
214
311
481
945
759
989
65
433
889
321
506
431
783
534
87
602
979
712
498
647
267
353
447
216
285
585
57
923
147
728
624
979
704
571
799
361
8
757
24
980
21
60
736
829
473
480
563
954
698
161
151
240
593
5
684
999
746
15
863
64
975
496
981
490
655
468
474
913
530
29
75
703
639
249
425
758
505
490
478
166
875
59
336
213
328
307
605
657
771
290
688
107
389
30
525
55
60
607
146
952
259
651
948
607
191
642
137
922
208
156
983
970
513
728
642
870
178
429
102
431
584
866
396
633
287
468
474
208
686
47
112
622
353
883
570
421
984
245
394
541
335
345
687
232
317
767
354
802
378
233
980
233
251
257
590
563
917
844
176
582
976
594
540
559
390
738
829
804
443
412
399
499
994
440
727
43
920
828
993
517
503
534
973
406
859
124
94
719
893
759
252
251
207
252
644
850
369
271
912
612
159
230
705
679
879
476
159
317
472
599
289
116
258
75
823
878
28
250
750
821
789
901
109
15
208
701
49
56
800
887
291
955
151
634
560
799
18
770
716
850
536
179
357
376
123
258
319
513
741
41
382
723
250
822
993
480
544
871
438
224
57
464
496
673
5
499
622
436
800
19
318
177
30
595
910
309
834
491
101
220
839
738
460
960
425
394
660
542
752
198
717
816
415
673
434
825
481
381
694
927
607
378
962
382
653
495
110
38
848
1000
560
658
537
456
593
971
610
876
657
561
83
44
208
513
357
698
453
585
614
567
227
45
640
242
96
501
817
439
551
364
794
2
979
238
62
160
806
692
453
402
270
503
31
478
540
869
513
499
518
272
243
976
478
624
628
694
253
442
135
368
304
230
439
391
532
22
570
440
377
62
266
597
493
770
26
511
327
766
994
208
675
75
719
233
815
595
186
656
492
647
983
140
279
41
662
245
307
389
294
324
744
47
745
270
90
742
438
73
276
696
909
573
788
792
407
199
59
587
94
100
342
704
746
239
988
216
79
164
604
884
568
474
209
193
118
1
477
905
153
825
119
344
202
390
744
620
827
153
426
989
669
708
773
674
179
875
260
199
721
743
46
21
751
180
265
147
901
594
265
722
373
513
825
383
766
865
859
970
392
376
579
324
975
105
352
706
971
967
778
949
568
164
506
9
739
967
277
397
359
882
902
472
866
213
848
322
703
376
754
456
869
975
819
485
753
536
209
91
352
677
618
780
302
370
495
832
872
902
864
574
359
658
453
273
452
216
50
654
828
631
510
365
5
922
194
1
338
710
670
327
661
980
446
361
350
257
768
906
133
15
955
439
214
876
159
695
648
24
154
912
4
408
469
963
620
850
968
567
224
990
733
978
715
164
39
540
425
344
682
921
256
80
181
434
242
59
589
457
184
462
693
894
741
850
71
968
660
375
858
819
630
288
597
488
250
25
308
634
927
482
605
958
319
239
779
32
752
119
698
261
314
133
416
917
932
831
144
494
42
475
819
597
974
883
385
782
966
158
190
924
272
859
930
102
39
854
322
351
844
326
608
350
856
500
557
527
299
149
686
667
666
927
860
8
173
894
838
797
812
757
880
758
587
867
65
565
698
995
674
862
120
354
266
117
400
423
348
132
377
731
284
238
165
912
126
423
982
562
144
70
110
352
774
91
423
265
41
724
940
283
579
747
620
357
380
915
532
85
739
966
669
887
427
822
856
13
761
811
454
165
432
365
98
713
966
649
468
294
106
65
520
504
189
669
346
808
642
759
425
820
399
183
187
961
198
952
689
963
629
210
267
263
419
266
152
421
539
575
141
509
359
756
119
842
23
174
636
473
141
722
181
45
703
504
187
954
316
434
266
657
796
992
649
68
350
833
596
197
768
860
21
299
511
760
848
284
29
922
581
531
842
136
464
485
688
966
182
393
569
414
595
829
146
116
487
77
552
808
360
820
982
959
826
248
163
367
174
410
982
893
667
381
149
818
65
717
218
767
424
293
913
196
312
876
989
400
652
117
509
859
432
143
805
274
184
910
317
670
390
528
535
997
220
105
547
641
701
103
768
246
15
103
461
197
526
322
784
551
520
192
584
803
931
124
837
809
858
264
645
117
140
253
554
555
132
811
362
885
870
186
580
